41
41 41 34
##start
0 7 16
1 12 13
2 18 10
3 20 4
4 25 2
5 31 2
6 34 6
7 30 10
8 24 11
9 14 19
10 19 20
11 23 20
12 25 20
13 26 25
14 32 28
15 37 27
16 39 21
17 37 20
18 31 18
19 8 18
20 10 22
21 16 27
22 23 33
##end
23 27 34
24 6 18
25 6 23
26 6 27
27 5 33
28 9 35
29 11 41
30 8 42
31 5 42
32 3 40
33 3 35
34 20 20
36 3 36
37 37 6
38 41 8
39 15 42
40 21 42
41-23
41-38
41-40
0-1
0-19
0-24
1-2
2-3
2-8
3-4
4-5
5-6
6-7
6-37
7-8
9-10
9-19
10-34
11-12
11-34
12-13
12-18
13-14
14-15
15-16
16-17
17-18
19-20
20-21
21-22
22-23
24-25
25-26
26-27
27-28
27-33
28-29
29-30
29-39
30-31
31-32
32-36
33-36
37-38
39-40
